verse entries 2320 | sections 1021 | uddana anchors 112 | hidden 665 | incipits 3
   Dukapaṭṭhānapāḷi       KATHĀ  printed units 465 / corpus ¶ 465   headings 682   colophons 65   prose ¶ 972   gāthā blocks 0   [OK]
   Dukatikapaṭṭhānapāḷi   KATHĀ  printed units 1284 / corpus ¶ 1284   headings 1039   colophons 52   prose ¶ 2735   gāthā blocks 0   [OK]
   Tikadukapaṭṭhānapāḷi   KATHĀ  printed units 571 / corpus ¶ 571   headings 459   colophons 11   prose ¶ 1848   gāthā blocks 0   [OK]
   leaked corpus headings hidden: [0, 1, 5, 7, 12, 14, 15, 18, 20, 22, 24, 26, 27, 44, 49, 53, 55, 56, 58, 60, 62, 64, 65, 68, 70, 72, 74, 77, 78, 95, 99, 103, 105, 107, 108, 114, 115, 119, 121, 123, 125, 126, 133, 136, 140, 142, 144, 145, 147, 149, 151, 153, 154, 158, 160, 162, 164, 167, 168, 185, 189, 193, 195, 196, 207, 209, 210, 216, 218, 220, 224, 225, 230, 232, 234, 236, 241, 242, 261, 266, 270, 272, 273, 282, 283, 287, 289, 291, 295, 296, 299, 301, 303, 305, 307, 308, 327, 332, 336, 338, 339, 341, 343, 346, 348, 350, 352, 353, 368, 373, 375, 378, 379, 386, 388, 389, 391, 393, 397, 399, 402, 404, 405, 413, 415, 416, 420, 422, 426, 428, 432, 434, 435, 450, 454, 458, 459, 463, 465, 472, 474, 475, 478, 480, 484, 486, 488, 489, 504, 508, 512, 513, 516, 518, 523, 525, 526, 529, 531, 533, 535, 537, 538, 553, 557, 561, 563, 564, 566, 568, 572, 574, 575, 578, 580, 583, 585, 587, 588, 599, 603, 607, 609, 610, 620, 624, 628, 630, 632, 635, 636, 650, 654, 658, 659, 671, 687, 695, 706, 717, 731, 732, 740, 750, 756, 763, 769, 779, 780, 786, 795, 803, 812, 821, 830, 831, 839, 845, 851, 860, 865, 871, 872, 877, 882, 887, 892, 897, 902, 903, 908, 913, 918, 923, 928, 933, 934, 939, 944, 949, 954, 959, 964, 965, 970, 975, 980, 985, 990, 995, 996, 1001, 1006, 1011, 1016, 1021, 1026, 1027, 1032, 1037, 1042, 1047, 1052, 1057, 1058, 1063, 1068, 1073, 1078, 1084, 1089, 1090, 1095, 1100, 1105, 1110, 1115, 1122, 1123, 1128, 1133, 1138, 1143, 1148, 1153, 1154, 1159, 1164, 1169, 1174, 1179, 1184, 1185, 1190, 1195, 1200, 1205, 1210, 1215, 1216, 1221, 1226, 1231, 1236, 1241, 1246, 1247, 1252, 1253, 1258, 1259, 1264, 1269, 1274, 1279, 1284, 1289, 1290, 1295, 1300, 1305, 1310, 1311, 1316, 1321, 1326, 1331, 1332, 1336, 1338, 1343, 1348, 1349, 1354, 1359, 1364, 1369, 1374, 1379, 1380, 1384, 1388, 1393, 1398, 1403, 1408, 1409, 1414, 1419, 1424, 1429, 1434, 1439, 1440, 1445, 1450, 1455, 1459, 1463, 1468, 1469, 1474, 1479, 1484, 1485, 1494, 1500, 1502, 1503, 1510, 1513, 1514, 1518, 1523, 1528, 1529, 1534, 1540, 1541, 1547, 1550, 1556, 1557, 1564, 1565, 1574, 1586, 1587, 1598, 1599, 1612, 1619, 1630, 1640, 1651, 1660, 1661, 1671, 1672, 1678, 1679, 1689, 1690, 1700, 1701, 1708, 1709, 1718, 1719, 1729, 1730, 1736, 1737, 1747, 1748, 1759, 1766, 1773, 1780, 1783, 1788, 1789, 1798, 1805, 1806, 1815, 1816, 1825, 1831, 1832, 1841, 1842, 1853, 1854, 1865, 1866, 1875, 1882, 1883, 1894, 1901, 1908, 1909, 1918, 1925, 1931, 1932, 1941, 1942, 1949, 1950, 1957, 1958, 1968, 1974, 1975, 1982, 1988, 1991, 1996, 1997, 2006, 2012, 2016, 2020, 2025, 2028, 2031, 2036, 2037, 2045, 2046, 2050, 2051, 2060, 2065, 2080, 2081, 2090, 2091, 2102, 2105, 2111, 2112, 2122, 2123, 2130, 2131, 2140, 2146, 2151, 2152, 2160, 2165, 2166, 2171, 2178, 2183, 2188, 2192, 2197, 2204, 2208, 2212, 2217, 2222, 2226, 2230, 2234, 2239, 2243, 2246, 2248, 2252, 2256, 2259, 2260, 2266, 2267, 2282, 2293, 2306, 2321, 2335, 2350, 2375, 2388, 2389, 2400, 2401, 2410, 2411, 2426, 2427, 2440, 2441, 2451, 2452, 2460, 2461, 2468, 2469, 2482, 2483, 2497, 2503, 2508, 2509, 2518, 2519, 2529, 2530, 2537, 2538, 2546, 2547, 2557, 2558, 2569, 2570, 2579, 2580, 2589, 2590, 2597, 2598, 2607, 2609, 2610, 2618, 2619, 2628, 2629, 2635, 2636, 2648, 2649, 2658, 2659, 2666, 2667, 2675, 2676, 2682, 2683, 2689, 2690, 2697, 2698, 2703, 2705, 2706, 2713, 2714, 2719, 2720, 2727, 2729, 2730, 2736, 2737, 2744, 2745, 2752, 2754, 2755, 2761, 2762, 2771, 2772, 2779, 2781, 2787, 2790, 2793, 2801, 2807, 2810, 2813, 2816, 2817, 2825, 2827, 2828, 2836, 2838, 2839, 2847, 2853, 2855, 2856, 2864, 2868, 2871, 2872, 2880, 2881, 2887, 2888, 2896, 2897, 2903, 2904, 2910, 2911, 2917, 2922, 2923, 2928, 2931, 2933, 2934, 2940, 2946, 2950, 2953, 2956, 2959, 2963, 2966, 2969, 2970, 2975, 2978, 2981]
  wrote /sessions/rcw-01bcgpjfpcgbdwzs1dqi2qk7/mnt/OSBCT/site/reader/verse/39Abhi11.json
  wrote /sessions/rcw-01bcgpjfpcgbdwzs1dqi2qk7/mnt/OSBCT/site/reader/sections/39Abhi11.json
  wrote /sessions/rcw-01bcgpjfpcgbdwzs1dqi2qk7/mnt/OSBCT/site/reader/uddana/39Abhi11.json
  wrote /sessions/rcw-01bcgpjfpcgbdwzs1dqi2qk7/mnt/OSBCT/site/reader/hide/39Abhi11.json
  wrote /sessions/rcw-01bcgpjfpcgbdwzs1dqi2qk7/mnt/OSBCT/site/reader/incipit/39Abhi11.json
