vol          c2 old   c2 new       d c1     d c3     d c4
29KhuA10       3111       80         +5       +0       +0
30KhuA11       1549      576         +0       +0       +0
31KhuA12       1127      309         +4       +0       +0
32KhuA13        656       32        +11       +0       +0
48AbhiA01       671      115        +31       +0       +0
33KhuA14        316       65         +0       +0       +0
01VinA01        248       18        +22       +0       +0
34KhuA15        601      398         +4       +0       +0
09DiT02         189       47       +121       +0       +0
35KhuA16        132       11         +2       -1       +0
26KhuA07        105       20        +10       +0       +0
50AbhiA03        90        8         +0       +0       +0
25KhuA06         69       15        +34       +0       +0
45KhuA26         57        4         +0       +0       +0
07DiA01          83       31        +31       +0       +0
10DiT03          62       14         +2       +0       +0
43KhuA24         72       27         +6       +0       +0
27KhuA08        343      299         +1       +0       +0
21KhuT01         61       19        +27       +0       +0
10MaA01          65       25         +0       +0       +0
06ViT06         168      138         +2       +0       +0
46KhuA27         58       28        +67       +0       +0
28KhuA09        279      251         +0       +0       +0
13MaT01          29        6         +2       +0       +0
22KhuA03        318      296         +1       +0       +0
08DiT01          34       13        +15       +0       +0
01ViT01         370      353        +52       +0       +0
11MaA02          22        6         +4       +0       +0
23AbhiT02        24        8        +62       +0       +0
49AbhiA02        83       67         +4       +0       +0
20AnT03          57       43         +0       +0       +0
02ViT02          25       12         +5       +0       +0
22AbhiT01        12        0         +6       +0       +0
44KhuA25         16        7         +1       +0       +0
12DiT05           9        2         +1       +0       +0
04ViT04          20       14         +7       +0       +0
25VsmT01         24       20         +0       +0       +0
03ViT03          55       55         +2       +0       +0
05ViT05           0        0         +2       +0       +0

class                     old        new      delta
PROSE_AS_VERSE           8423       8967       +544
VERSE_AS_PROSE          18372      10594      -7778
PROSE_AS_UDDANA           225        224         -1
VERSE_AS_HEADING        11389      11389         +0
lone_display            37597      37597         +0
page_verse             106989     106989         +0
page_prose            1128341    1128341         +0
verse_ok                77145      84923      +7778
prose_ok              1082067    1081524       -543
digit_only              99534      99534         +0
printed_lines         1489131    1489131         +0
absent(miss)           120133     120133         +0
