01ViT01 15 209 0 12
01ViT01 209 475 12 45
01VinA01 14 359 0 175
02ViT02 9 457 0 344
03ViT03 21 131 0 179
03ViT03 131 151 179 240
03ViT03 151 385 240 454
03ViT03 385 475 454 593
03ViT03 475 517 593 671
04ViT04 9 47 0 10
04ViT04 47 371 10 302
05ViT05 18 84 0 179
05ViT05 84 100 179 233
05ViT05 100 228 233 450
05ViT05 228 288 450 592
05ViT05 288 340 592 693
06ViT06 27 56 0 8
06ViT06 56 377 8 387
06ViT06 377 417 387 487
06ViT06 417 533 487 660
06ViT06 533 569 660 765
06ViT06 569 612 765 860
07DiA01 16 354 0 334
08DiT01 18 423 0 315
09DiT02 5 505 0 94
10DiT03 8 445 0 249
10MaA01 17 415 0 197
11MaA02 5 325 0 256
12DiT05 9 301 0 301
13MaT01 17 411 0 169
20AnT03 19 99 0 128
20AnT03 99 167 128 189
20AnT03 167 221 189 227
20AnT03 221 285 227 261
20AnT03 285 323 261 290
20AnT03 323 375 290 338
20AnT03 375 390 338 345
21KhuT01 7 158 0 138
21KhuT01 166 522 138 287
22AbhiT01 21 224 0 261
22AbhiT01 240 460 261 477
22KhuA03 12 468 0 331
23AbhiT02 15 250 0 277
23AbhiT02 265 494 277 519
25KhuA06 4 318 0 264
25VsmT01 8 469 0 354
26KhuA07 6 330 0 736
27KhuA08 7 342 0 1480
28KhuA09 6 276 0 1121
29KhuA10 11 496 0 453
30KhuA11 7 553 0 1101
31KhuA12 7 312 0 590
32KhuA13 4 356 0 506
33KhuA14 13 316 0 727
34KhuA15 5 359 0 945
35KhuA16 5 333 0 339
43KhuA24 4 423 0 214
44KhuA25 5 145 0 152
45KhuA26 5 281 0 154
46KhuA27 6 351 0 185
48AbhiA01 15 469 0 344
49AbhiA02 9 517 0 335
50AbhiA03 13 37 0 64
50AbhiA03 37 117 64 210
50AbhiA03 117 299 210 606
50AbhiA03 299 353 606 688
50AbhiA03 353 512 688 883
